17
9 10 1.0
9 11 1.0
9 10 1.0
10 9 1.0
10 11 1.0
10 12 1.0
10 16 1.0
11 9 1.0
11 12 1.0
11 10 1.0
11 16 1.0
12 9 1.0
12 10 1.0
12 11 1.0
16 11 1.0
16 10 1.0
16 5 1.0
5 16 1.0
5 15 1.0
5 4 1.0
4 5 1.0
4 15 1.0
4 13 1.0
4 2 1.0
4 14 1.0
4 1 1.0
4 8 1.0
4 7 1.0
4 3 1.0
15 4 1.0
15 6 1.0
15 7 1.0
13 4 1.0
13 14 1.0
13 3 1.0
13 6 1.0
13 2 1.0
14 13 1.0
14 6 1.0
14 4 1.0
14 3 1.0
3 14 1.0
3 13 1.0
3 6 1.0
3 8 1.0
3 7 1.0
6 2 1.0
6 14 1.0
6 15 1.0
6 7 1.0
6 13 1.0
8 4 1.0
8 2 1.0
8 7 1.0
2 8 1.0
2 4 1.0
2 7 1.0
2 13 1.0
1 7 1.0
1 2 1.0
1 6 1.0
1 4 1.0
7 1 1.0
7 2 1.0
7 3 1.0
7 6 1.0
7 4 1.0
7 15 1.0
